2
5
9
14
22
25
30
33
40
46
49
51
52
53
63
70
73
80
83
85
86
96
98
99
100
110
120
122
128
134
136
142
147
150
158
160
166
168
171
174
177
181
182
189
192
195
196
197
206
207
222
228
236
237
238
242
244
245
260
263
265
266
277
280
284
289
290
294
297
308
309
313
318
319
322
328
333
345
354
355
356
359
370
371
384
387
391
395
398
403
404
405
408
411
412
416
418
419
421
422
423
424
433
437
439
441
448
449
453
456
457
459
460
468
471
478
481
482
483
484
505
508
510
513
514
520
527
531
534
537
540
544
548
557
559
560
580
582
593
596
597
599
613
633
635
647
648
664
665
667
674
678
680
687
689
691
692
693
695
699
703
722
726
730
731
737
749
750
751
752
755
759
786
790
795
799
802
803
805
818
819
827
830
836
842
846
851
853
857
874
876
880
883
886
899
901
910
917
937
942
945
949
951
953
955
961
964
975
977
980
981
984
986
992
993
996
1002
1003
1008
1012
1013
1015
1016
1019
1027
1028
1029
1040
1042
1048
1066
1067
1103
1111
1115
1121
1125
1128
1133
1139
1164
1168
1170
1172
1173
1178
1188
1199
1200
1201
1205
1208
1212
1219
1221
1223
1232
1233
1234
1235
1238
1240
1242
1243
1245
1253
1257
1271
1272
1274
1279
1280
1281
1286
1288
1291
1301
1308
1316
1318
1327
1333
1336
1337
1350
1354
1371
1373
1374
1380
1381
1387
1388
1393
1407
1409
1414
1418
1419
1421
1422
1429
1431
1443
1444
1448
1451
1457
1469
1475
1479
1490
1495
1497
1498
1499
1514
1517
1530
1532
1534
1537
1542
1546
1549
1577
1578
1579
1585
1591
1605
1609
1612
1613
1619
1625
1628
1630
1631
1633
1639
1642
1644
1647
1661
1674
1676
1690
1693
1697
1700
1717
1728
1731
1741
1750
1754
1757
1762
1767
1771
1772
1774
1777
1788
1795
1796
1802
1804
1806
1813
1826
1829
1832
1836
1847
1857
1860
1865
1866
1872
1877
1884
1891
1894
1897
1899
1902
1910
1911
1913
1914
1931
1934
1936
1940
1945
1957
1960
1962
1972
1985
1993
1994
1995
1996
2002
2007
2008
2020
2022
2023
2027
2039
2041
2043
2046
2048
2065
2073
2076
2084
2088
2091
2107
2128
2143
2147
2148
2150
2157
2161
2165
2169
2172
2176
2177
2180
2184
2187
2192
2197
2201
2211
2214
2218
2222
2227
2230
2233
2238
2241
2245
2246
2250
2252
2254
2257
2258
2260
2262
2265
2268
2269
2277
2279
2282
2284
2286
2288
2308
2316
2323
2328
2336
2346
2348
2352
2354
2355
2358
2360
2361
2363
2364
2367
2380
2383
2388
2389
2397
2406
2412
2416
2433
2448
2450
2451
2452
2453
2454
2462
2475
2487
2499
2501
2504
2508
2513
2515
2529
2531
2540
2544
2546
2555
2567
2568
2597
2601
2607
2613
2614
2615
2620
2626
2631
2634
2637
2639
2641
2645
2646
2649
2650
2655
2663
2666
2672
2678
2690
2699
2702
0
1
3
8
12
16
18
19
26
27
32
36
39
41
42
43
44
47
50
54
56
58
65
67
76
77
79
89
105
111
112
118
124
126
127
131
137
143
149
153
159
165
169
172
173
179
193
204
209
219
220
225
229
231
258
268
271
272
274
286
288
291
299
312
314
321
323
334
349
357
363
364
366
367
368
376
377
378
380
381
390
392
393
394
397
401
406
413
431
435
440
445
464
466
467
469
474
479
487
491
496
498
501
504
511
521
524
532
533
538
542
543
545
552
556
583
585
605
623
629
650
653
659
661
663
668
672
673
679
705
709
710
712
716
718
725
727
738
745
747
764
766
772
774
776
783
784
791
792
794
797
801
804
809
813
814
822
824
828
840
843
845
849
869
873
893
895
900
904
909
913
916
919
924
928
934
939
941
956
962
967
971
973
988
989
995
1014
1024
1025
1030
1032
1047
1050
1051
1052
1073
1083
1085
1094
1096
1099
1100
1101
1104
1106
1109
1110
1119
1120
1122
1124
1127
1134
1138
1143
1144
1147
1149
1155
1158
1159
1161
1162
1169
1175
1176
1177
1180
1181
1182
1184
1196
1206
1211
1215
1218
1227
1237
1250
1251
1255
1256
1263
1270
1275
1276
1277
1289
1292
1294
1295
1299
1306
1317
1323
1325
1329
1330
1332
1334
1338
1346
1352
1357
1358
1363
1364
1366
1368
1370
1372
1382
1385
1386
1392
1394
1398
1399
1404
1412
1427
1430
1439
1441
1445
1449
1454
1459
1467
1471
1473
1474
1484
1485
1492
1493
1496
1503
1504
1507
1512
1516
1529
1535
1539
1541
1547
1550
1559
1561
1570
1576
1580
1582
1589
1604
1606
1610
1611
1615
1618
1621
1623
1632
1637
1643
1650
1651
1654
1659
1667
1672
1675
1681
1682
1685
1687
1692
1699
1701
1705
1707
1708
1713
1716
1722
1724
1730
1735
1736
1738
1739
1740
1742
1745
1746
1755
1756
1759
1760
1763
1765
1769
1780
1797
1800
1801
1805
1814
1821
1823
1825
1830
1834
1841
1852
1853
1858
1862
1863
1868
1870
1871
1878
1881
1908
1909
1916
1917
1920
1921
1925
1926
1929
1947
1948
1949
1950
1953
1963
1967
1969
1970
1982
1983
1988
1998
2013
2032
2042
2045
2049
2064
2066
2067
2069
2072
2079
2083
2085
2086
2098
2104
2108
2109
2110
2114
2120
2130
2133
2151
2155
2159
2160
2168
2174
2175
2178
2186
2196
2204
2210
2216
2219
2226
2235
2237
2240
2244
2247
2251
2270
2271
2275
2280
2290
2293
2305
2309
2312
2317
2320
2324
2340
2342
2357
2377
2384
2390
2395
2400
2401
2403
2405
2407
2409
2413
2418
2419
2420
2428
2434
2438
2444
2446
2457
2471
2476
2483
2485
2491
2512
2521
2524
2527
2535
2541
2549
2550
2551
2558
2561
2565
2571
2575
2576
2579
2580
2583
2584
2590
2594
2599
2604
2608
2611
2612
2617
2621
2622
2636
2648
2654
2656
2658
2661
2664
2665
2667
2668
2669
2671
2675
2677
2680
2687
2688
2691
2695
2700
2704
2706
7
21
24
28
34
35
37
59
60
62
71
78
81
93
101
103
109
113
117
129
135
140
146
152
155
162
170
180
183
184
190
198
200
205
213
214
215
216
218
221
227
235
246
249
251
252
259
267
270
273
279
281
283
287
296
302
303
305
311
315
316
331
332
335
336
339
340
353
361
382
388
402
415
425
426
436
438
444
450
455
461
470
473
475
477
480
485
486
492
493
494
497
512
522
523
525
529
547
549
551
558
565
570
572
573
575
576
586
594
618
619
624
627
634
636
637
651
655
657
658
662
666
676
677
688
698
702
704
714
719
728
741
743
746
748
753
757
760
762
771
775
782
787
806
807
816
821
823
831
833
835
839
847
848
852
860
861
868
877
879
889
894
896
897
898
905
906
908
915
918
920
921
925
929
931
935
936
944
946
950
952
957
966
972
983
985
990
997
998
999
1000
1004
1005
1010
1021
1022
1026
1031
1033
1037
1039
1044
1046
1058
1059
1061
1063
1069
1075
1080
1086
1088
1090
1092
1097
1112
1117
1123
1131
1140
1142
1146
1154
1160
1167
1171
1174
1179
1185
1186
1187
1192
1194
1197
1209
1213
1224
1228
1229
1230
1246
1248
1252
1258
1259
1278
1296
1297
1300
1303
1307
1309
1311
1312
1313
1314
1326
1339
1355
1375
1376
1377
1379
1390
1397
1411
1433
1435
1436
1461
1462
1463
1464
1468
1472
1476
1480
1482
1487
1491
1494
1501
1502
1505
1509
1510
1515
1518
1519
1521
1525
1526
1533
1540
1544
1545
1553
1555
1558
1560
1562
1564
1566
1569
1572
1573
1575
1583
1587
1592
1593
1603
1617
1624
1627
1629
1635
1638
1645
1646
1652
1656
1665
1668
1670
1689
1691
1715
1719
1720
1723
1725
1733
1743
1744
1758
1768
1778
1782
1783
1784
1785
1792
1794
1807
1809
1819
1822
1831
1840
1845
1846
1850
1851
1861
1864
1869
1875
1876
1882
1883
1892
1893
1898
1903
1915
1939
1944
1952
1954
1955
1956
1965
1966
1968
1973
1974
1977
1986
1987
1999
2000
2005
2009
2011
2015
2021
2033
2035
2038
2050
2059
2061
2071
2077
2080
2082
2089
2090
2093
2100
2101
2106
2112
2113
2115
2117
2119
2121
2125
2127
2129
2134
2135
2136
2137
2139
2162
2164
2167
2173
2182
2183
2188
2205
2208
2212
2223
2231
2234
2236
2239
2243
2248
2253
2255
2256
2261
2274
2291
2297
2298
2299
2303
2307
2315
2321
2330
2331
2332
2337
2339
2341
2344
2345
2349
2350
2353
2359
2365
2370
2374
2375
2379
2382
2386
2387
2393
2408
2411
2414
2417
2422
2423
2429
2430
2436
2443
2455
2456
2459
2461
2465
2469
2472
2474
2478
2480
2481
2484
2498
2503
2505
2509
2510
2516
2517
2519
2520
2528
2534
2545
2547
2553
2556
2559
2562
2563
2572
2573
2577
2578
2585
2591
2593
2595
2596
2602
2603
2605
2609
2610
2616
2618
2619
2625
2628
2630
2633
2647
2660
2662
2681
2683
2685
2689
2692
2698
2705
6
11
13
23
29
31
45
55
57
64
66
68
72
74
82
87
88
94
95
97
104
107
115
116
123
132
139
141
151
154
157
163
164
176
178
185
186
187
188
199
201
202
208
212
233
234
239
243
247
250
253
254
261
275
276
285
293
295
298
300
304
306
307
317
320
325
327
329
342
347
351
360
362
372
373
375
379
383
385
389
396
399
400
407
410
414
417
420
427
428
429
432
434
443
452
454
462
463
465
472
476
489
495
499
502
503
509
515
518
530
535
536
539
541
550
554
561
567
571
578
581
584
589
590
592
598
602
603
607
608
609
612
617
621
622
625
628
631
641
642
643
644
645
646
669
670
681
685
694
696
697
706
708
715
721
723
732
733
734
735
736
739
740
754
758
761
763
765
778
781
793
796
798
800
808
811
826
834
837
855
856
858
862
865
866
867
875
878
882
884
891
902
907
911
912
914
923
926
933
938
940
948
954
958
959
960
963
968
978
1001
1006
1007
1020
1034
1035
1054
1055
1056
1060
1065
1070
1072
1076
1079
1082
1089
1093
1098
1102
1107
1116
1126
1135
1136
1141
1145
1150
1163
1165
1183
1191
1195
1198
1203
1204
1231
1244
1261
1262
1265
1268
1269
1273
1284
1302
1304
1310
1315
1319
1320
1322
1324
1328
1335
1340
1341
1343
1344
1345
1347
1349
1353
1356
1359
1361
1362
1369
1378
1389
1391
1395
1396
1408
1415
1416
1432
1446
1447
1452
1460
1466
1477
1481
1483
1486
1488
1508
1511
1522
1531
1538
1543
1548
1552
1556
1557
1563
1567
1568
1574
1586
1590
1599
1600
1601
1602
1620
1634
1640
1641
1649
1653
1657
1662
1671
1673
1679
1688
1694
1695
1696
1698
1702
1704
1706
1712
1714
1718
1727
1732
1734
1751
1770
1773
1775
1781
1786
1798
1803
1808
1811
1815
1820
1824
1837
1839
1843
1849
1867
1873
1874
1880
1887
1889
1895
1900
1904
1919
1923
1927
1930
1933
1935
1938
1941
1942
1946
1951
1959
1961
1978
1979
1984
1989
1990
1992
2001
2004
2006
2010
2014
2016
2018
2025
2026
2029
2031
2034
2040
2044
2052
2054
2055
2056
2057
2058
2062
2070
2074
2075
2078
2092
2094
2096
2099
2105
2116
2122
2124
2126
2132
2138
2140
2141
2145
2149
2154
2156
2158
2166
2179
2185
2189
2190
2191
2194
2198
2199
2200
2203
2206
2207
2209
2213
2215
2220
2225
2229
2242
2249
2267
2278
2281
2285
2294
2296
2301
2302
2304
2310
2311
2313
2314
2318
2322
2325
2326
2327
2334
2338
2343
2351
2362
2366
2369
2372
2373
2378
2381
2385
2392
2396
2398
2399
2415
2421
2424
2426
2427
2431
2432
2440
2441
2442
2449
2458
2460
2464
2467
2468
2477
2486
2488
2493
2497
2506
2514
2518
2525
2526
2533
2536
2537
2539
2543
2552
2554
2557
2560
2566
2569
2570
2581
2587
2589
2592
2600
2627
2635
2644
2651
2652
2657
2659
2674
2682
2684
2701
2707
